 1 1 1
 -0.333333333 -0.5 -0.5
 1 1 2
 -0.333333333 -0.5 -0.25
 1 1 3
 -0.333333333 -0.5  0.
 1 1 4
 -0.333333333 -0.5  0.25
 1 1 5
 -0.333333333 -0.5  0.5
 1 1 6
 -0.333333333 -0.5  0.75
 1 1 7
 -0.333333333 -0.5  1.
 1 1 8
 -0.333333333 -0.5  1.25
 1 1 9
 -0.333333333 -0.5  1.5
 1 2 1
 -0.333333333 -0.25 -0.5
 1 2 2
 -0.333333333 -0.25 -0.25
 1 2 3
 -0.333333333 -0.25  0.
 1 2 4
 -0.333333333 -0.25  0.25
 1 2 5
 -0.333333333 -0.25  0.5
 1 2 6
 -0.333333333 -0.25  0.75
 1 2 7
 -0.333333333 -0.25  1.
 1 2 8
 -0.333333333 -0.25  1.25
 1 2 9
 -0.333333333 -0.25  1.5
 1 3 1
 -0.333333333  0. -0.5
 1 3 2
 -0.333333333  0. -0.25
 1 3 3
 -0.333333333  0.  0.
 1 3 4
 -0.333333333  0.  0.25
 1 3 5
 -0.333333333  0.  0.5
 1 3 6
 -0.333333333  0.  0.75
 1 3 7
 -0.333333333  0.  1.
 1 3 8
 -0.333333333  0.  1.25
 1 3 9
 -0.333333333  0.  1.5
 1 4 1
 -0.333333333  0.25 -0.5
 1 4 2
 -0.333333333  0.25 -0.25
 1 4 3
 -0.333333333  0.25  0.
 1 4 4
 -0.333333333  0.25  0.25
 1 4 5
 -0.333333333  0.25  0.5
 1 4 6
 -0.333333333  0.25  0.75
 1 4 7
 -0.333333333  0.25  1.
 1 4 8
 -0.333333333  0.25  1.25
 1 4 9
 -0.333333333  0.25  1.5
 1 5 1
 -0.333333333  0.5 -0.5
 1 5 2
 -0.333333333  0.5 -0.25
 1 5 3
 -0.333333333  0.5  0.
 1 5 4
 -0.333333333  0.5  0.25
 1 5 5
 -0.333333333  0.5  0.5
 1 5 6
 -0.333333333  0.5  0.75
 1 5 7
 -0.333333333  0.5  1.
 1 5 8
 -0.333333333  0.5  1.25
 1 5 9
 -0.333333333  0.5  1.5
 1 6 1
 -0.333333333  0.75 -0.5
 1 6 2
 -0.333333333  0.75 -0.25
 1 6 3
 -0.333333333  0.75  0.
 1 6 4
 -0.333333333  0.75  0.25
 1 6 5
 -0.333333333  0.75  0.5
 1 6 6
 -0.333333333  0.75  0.75
 1 6 7
 -0.333333333  0.75  1.
 1 6 8
 -0.333333333  0.75  1.25
 1 6 9
 -0.333333333  0.75  1.5
 1 7 1
 -0.333333333  1. -0.5
 1 7 2
 -0.333333333  1. -0.25
 1 7 3
 -0.333333333  1.  0.
 1 7 4
 -0.333333333  1.  0.25
 1 7 5
 -0.333333333  1.  0.5
 1 7 6
 -0.333333333  1.  0.75
 1 7 7
 -0.333333333  1.  1.
 1 7 8
 -0.333333333  1.  1.25
 1 7 9
 -0.333333333  1.  1.5
 1 8 1
 -0.333333333  1.25 -0.5
 1 8 2
 -0.333333333  1.25 -0.25
 1 8 3
 -0.333333333  1.25  0.
 1 8 4
 -0.333333333  1.25  0.25
 1 8 5
 -0.333333333  1.25  0.5
 1 8 6
 -0.333333333  1.25  0.75
 1 8 7
 -0.333333333  1.25  1.
 1 8 8
 -0.333333333  1.25  1.25
 1 8 9
 -0.333333333  1.25  1.5
 1 9 1
 -0.333333333  1.5 -0.5
 1 9 2
 -0.333333333  1.5 -0.25
 1 9 3
 -0.333333333  1.5  0.
 1 9 4
 -0.333333333  1.5  0.25
 1 9 5
 -0.333333333  1.5  0.5
 1 9 6
 -0.333333333  1.5  0.75
 1 9 7
 -0.333333333  1.5  1.
 1 9 8
 -0.333333333  1.5  1.25
 1 9 9
 -0.333333333  1.5  1.5
 2 1 1
 -0.166666667 -0.5 -0.5
 2 1 2
 -0.166666667 -0.5 -0.25
 2 1 3
 -0.166666667 -0.5  0.
 2 1 4
 -0.166666667 -0.5  0.25
 2 1 5
 -0.166666667 -0.5  0.5
 2 1 6
 -0.166666667 -0.5  0.75
 2 1 7
 -0.166666667 -0.5  1.
 2 1 8
 -0.166666667 -0.5  1.25
 2 1 9
 -0.166666667 -0.5  1.5
 2 2 1
 -0.166666667 -0.25 -0.5
 2 2 2
 -0.166666667 -0.25 -0.25
 2 2 3
 -0.166666667 -0.25  0.
 2 2 4
 -0.166666667 -0.25  0.25
 2 2 5
 -0.166666667 -0.25  0.5
 2 2 6
 -0.166666667 -0.25  0.75
 2 2 7
 -0.166666667 -0.25  1.
 2 2 8
 -0.166666667 -0.25  1.25
 2 2 9
 -0.166666667 -0.25  1.5
 2 3 1
 -0.166666667  0. -0.5
 2 3 2
 -0.166666667  0. -0.25
 2 3 3
 -0.166666667  0.  0.
 2 3 4
 -0.166666667  0.  0.25
 2 3 5
 -0.166666667  0.  0.5
 2 3 6
 -0.166666667  0.  0.75
 2 3 7
 -0.166666667  0.  1.
 2 3 8
 -0.166666667  0.  1.25
 2 3 9
 -0.166666667  0.  1.5
 2 4 1
 -0.166666667  0.25 -0.5
 2 4 2
 -0.166666667  0.25 -0.25
 2 4 3
 -0.166666667  0.25  0.
 2 4 4
 -0.166666667  0.25  0.25
 2 4 5
 -0.166666667  0.25  0.5
 2 4 6
 -0.166666667  0.25  0.75
 2 4 7
 -0.166666667  0.25  1.
 2 4 8
 -0.166666667  0.25  1.25
 2 4 9
 -0.166666667  0.25  1.5
 2 5 1
 -0.166666667  0.5 -0.5
 2 5 2
 -0.166666667  0.5 -0.25
 2 5 3
 -0.166666667  0.5  0.
 2 5 4
 -0.166666667  0.5  0.25
 2 5 5
 -0.166666667  0.5  0.5
 2 5 6
 -0.166666667  0.5  0.75
 2 5 7
 -0.166666667  0.5  1.
 2 5 8
 -0.166666667  0.5  1.25
 2 5 9
 -0.166666667  0.5  1.5
 2 6 1
 -0.166666667  0.75 -0.5
 2 6 2
 -0.166666667  0.75 -0.25
 2 6 3
 -0.166666667  0.75  0.
 2 6 4
 -0.166666667  0.75  0.25
 2 6 5
 -0.166666667  0.75  0.5
 2 6 6
 -0.166666667  0.75  0.75
 2 6 7
 -0.166666667  0.75  1.
 2 6 8
 -0.166666667  0.75  1.25
 2 6 9
 -0.166666667  0.75  1.5
 2 7 1
 -0.166666667  1. -0.5
 2 7 2
 -0.166666667  1. -0.25
 2 7 3
 -0.166666667  1.  0.
 2 7 4
 -0.166666667  1.  0.25
 2 7 5
 -0.166666667  1.  0.5
 2 7 6
 -0.166666667  1.  0.75
 2 7 7
 -0.166666667  1.  1.
 2 7 8
 -0.166666667  1.  1.25
 2 7 9
 -0.166666667  1.  1.5
 2 8 1
 -0.166666667  1.25 -0.5
 2 8 2
 -0.166666667  1.25 -0.25
 2 8 3
 -0.166666667  1.25  0.
 2 8 4
 -0.166666667  1.25  0.25
 2 8 5
 -0.166666667  1.25  0.5
 2 8 6
 -0.166666667  1.25  0.75
 2 8 7
 -0.166666667  1.25  1.
 2 8 8
 -0.166666667  1.25  1.25
 2 8 9
 -0.166666667  1.25  1.5
 2 9 1
 -0.166666667  1.5 -0.5
 2 9 2
 -0.166666667  1.5 -0.25
 2 9 3
 -0.166666667  1.5  0.
 2 9 4
 -0.166666667  1.5  0.25
 2 9 5
 -0.166666667  1.5  0.5
 2 9 6
 -0.166666667  1.5  0.75
 2 9 7
 -0.166666667  1.5  1.
 2 9 8
 -0.166666667  1.5  1.25
 2 9 9
 -0.166666667  1.5  1.5
 3 1 1
  0. -0.5 -0.5
 3 1 2
  0. -0.5 -0.25
 3 1 3
  0. -0.5  0.
 3 1 4
  0. -0.5  0.25
 3 1 5
  0. -0.5  0.5
 3 1 6
  0. -0.5  0.75
 3 1 7
  0. -0.5  1.
 3 1 8
  0. -0.5  1.25
 3 1 9
  0. -0.5  1.5
 3 2 1
  0. -0.25 -0.5
 3 2 2
  0. -0.25 -0.25
 3 2 3
  0. -0.25  0.
 3 2 4
  0. -0.25  0.25
 3 2 5
  0. -0.25  0.5
 3 2 6
  0. -0.25  0.75
 3 2 7
  0. -0.25  1.
 3 2 8
  0. -0.25  1.25
 3 2 9
  0. -0.25  1.5
 3 3 1
  0.  0. -0.5
 3 3 2
  0.  0. -0.25
 3 3 3
  0.  0.  0.
 3 3 4
  0.  0.  0.25
 3 3 5
  0.  0.  0.5
 3 3 6
  0.  0.  0.75
 3 3 7
  0.  0.  1.
 3 3 8
  0.  0.  1.25
 3 3 9
  0.  0.  1.5
 3 4 1
  0.  0.25 -0.5
 3 4 2
  0.  0.25 -0.25
 3 4 3
  0.  0.25  0.
 3 4 4
  0.  0.25  0.25
 3 4 5
  0.  0.25  0.5
 3 4 6
  0.  0.25  0.75
 3 4 7
  0.  0.25  1.
 3 4 8
  0.  0.25  1.25
 3 4 9
  0.  0.25  1.5
 3 5 1
  0.  0.5 -0.5
 3 5 2
  0.  0.5 -0.25
 3 5 3
  0.  0.5  0.
 3 5 4
  0.  0.5  0.25
 3 5 5
  0.  0.5  0.5
 3 5 6
  0.  0.5  0.75
 3 5 7
  0.  0.5  1.
 3 5 8
  0.  0.5  1.25
 3 5 9
  0.  0.5  1.5
 3 6 1
  0.  0.75 -0.5
 3 6 2
  0.  0.75 -0.25
 3 6 3
  0.  0.75  0.
 3 6 4
  0.  0.75  0.25
 3 6 5
  0.  0.75  0.5
 3 6 6
  0.  0.75  0.75
 3 6 7
  0.  0.75  1.
 3 6 8
  0.  0.75  1.25
 3 6 9
  0.  0.75  1.5
 3 7 1
  0.  1. -0.5
 3 7 2
  0.  1. -0.25
 3 7 3
  0.  1.  0.
 3 7 4
  0.  1.  0.25
 3 7 5
  0.  1.  0.5
 3 7 6
  0.  1.  0.75
 3 7 7
  0.  1.  1.
 3 7 8
  0.  1.  1.25
 3 7 9
  0.  1.  1.5
 3 8 1
  0.  1.25 -0.5
 3 8 2
  0.  1.25 -0.25
 3 8 3
  0.  1.25  0.
 3 8 4
  0.  1.25  0.25
 3 8 5
  0.  1.25  0.5
 3 8 6
  0.  1.25  0.75
 3 8 7
  0.  1.25  1.
 3 8 8
  0.  1.25  1.25
 3 8 9
  0.  1.25  1.5
 3 9 1
  0.  1.5 -0.5
 3 9 2
  0.  1.5 -0.25
 3 9 3
  0.  1.5  0.
 3 9 4
  0.  1.5  0.25
 3 9 5
  0.  1.5  0.5
 3 9 6
  0.  1.5  0.75
 3 9 7
  0.  1.5  1.
 3 9 8
  0.  1.5  1.25
 3 9 9
  0.  1.5  1.5
 4 1 1
  0.166666667 -0.5 -0.5
 4 1 2
  0.166666667 -0.5 -0.25
 4 1 3
  0.166666667 -0.5  0.
 4 1 4
  0.166666667 -0.5  0.25
 4 1 5
  0.166666667 -0.5  0.5
 4 1 6
  0.166666667 -0.5  0.75
 4 1 7
  0.166666667 -0.5  1.
 4 1 8
  0.166666667 -0.5  1.25
 4 1 9
  0.166666667 -0.5  1.5
 4 2 1
  0.166666667 -0.25 -0.5
 4 2 2
  0.166666667 -0.25 -0.25
 4 2 3
  0.166666667 -0.25  0.
 4 2 4
  0.166666667 -0.25  0.25
 4 2 5
  0.166666667 -0.25  0.5
 4 2 6
  0.166666667 -0.25  0.75
 4 2 7
  0.166666667 -0.25  1.
 4 2 8
  0.166666667 -0.25  1.25
 4 2 9
  0.166666667 -0.25  1.5
 4 3 1
  0.166666667  0. -0.5
 4 3 2
  0.166666667  0. -0.25
 4 3 3
  0.166666667  0.  0.
 4 3 4
  0.166666667  0.  0.25
 4 3 5
  0.166666667  0.  0.5
 4 3 6
  0.166666667  0.  0.75
 4 3 7
  0.166666667  0.  1.
 4 3 8
  0.166666667  0.  1.25
 4 3 9
  0.166666667  0.  1.5
 4 4 1
  0.166666667  0.25 -0.5
 4 4 2
  0.166666667  0.25 -0.25
 4 4 3
  0.166666667  0.25  0.
 4 4 4
  0.166666667  0.25  0.25
 4 4 5
  0.166666667  0.25  0.5
 4 4 6
  0.166666667  0.25  0.75
 4 4 7
  0.166666667  0.25  1.
 4 4 8
  0.166666667  0.25  1.25
 4 4 9
  0.166666667  0.25  1.5
 4 5 1
  0.166666667  0.5 -0.5
 4 5 2
  0.166666667  0.5 -0.25
 4 5 3
  0.166666667  0.5  0.
 4 5 4
  0.166666667  0.5  0.25
 4 5 5
  0.166666667  0.5  0.5
 4 5 6
  0.166666667  0.5  0.75
 4 5 7
  0.166666667  0.5  1.
 4 5 8
  0.166666667  0.5  1.25
 4 5 9
  0.166666667  0.5  1.5
 4 6 1
  0.166666667  0.75 -0.5
 4 6 2
  0.166666667  0.75 -0.25
 4 6 3
  0.166666667  0.75  0.
 4 6 4
  0.166666667  0.75  0.25
 4 6 5
  0.166666667  0.75  0.5
 4 6 6
  0.166666667  0.75  0.75
 4 6 7
  0.166666667  0.75  1.
 4 6 8
  0.166666667  0.75  1.25
 4 6 9
  0.166666667  0.75  1.5
 4 7 1
  0.166666667  1. -0.5
 4 7 2
  0.166666667  1. -0.25
 4 7 3
  0.166666667  1.  0.
 4 7 4
  0.166666667  1.  0.25
 4 7 5
  0.166666667  1.  0.5
 4 7 6
  0.166666667  1.  0.75
 4 7 7
  0.166666667  1.  1.
 4 7 8
  0.166666667  1.  1.25
 4 7 9
  0.166666667  1.  1.5
 4 8 1
  0.166666667  1.25 -0.5
 4 8 2
  0.166666667  1.25 -0.25
 4 8 3
  0.166666667  1.25  0.
 4 8 4
  0.166666667  1.25  0.25
 4 8 5
  0.166666667  1.25  0.5
 4 8 6
  0.166666667  1.25  0.75
 4 8 7
  0.166666667  1.25  1.
 4 8 8
  0.166666667  1.25  1.25
 4 8 9
  0.166666667  1.25  1.5
 4 9 1
  0.166666667  1.5 -0.5
 4 9 2
  0.166666667  1.5 -0.25
 4 9 3
  0.166666667  1.5  0.
 4 9 4
  0.166666667  1.5  0.25
 4 9 5
  0.166666667  1.5  0.5
 4 9 6
  0.166666667  1.5  0.75
 4 9 7
  0.166666667  1.5  1.
 4 9 8
  0.166666667  1.5  1.25
 4 9 9
  0.166666667  1.5  1.5
 5 1 1
  0.333333333 -0.5 -0.5
 5 1 2
  0.333333333 -0.5 -0.25
 5 1 3
  0.333333333 -0.5  0.
 5 1 4
  0.333333333 -0.5  0.25
 5 1 5
  0.333333333 -0.5  0.5
 5 1 6
  0.333333333 -0.5  0.75
 5 1 7
  0.333333333 -0.5  1.
 5 1 8
  0.333333333 -0.5  1.25
 5 1 9
  0.333333333 -0.5  1.5
 5 2 1
  0.333333333 -0.25 -0.5
 5 2 2
  0.333333333 -0.25 -0.25
 5 2 3
  0.333333333 -0.25  0.
 5 2 4
  0.333333333 -0.25  0.25
 5 2 5
  0.333333333 -0.25  0.5
 5 2 6
  0.333333333 -0.25  0.75
 5 2 7
  0.333333333 -0.25  1.
 5 2 8
  0.333333333 -0.25  1.25
 5 2 9
  0.333333333 -0.25  1.5
 5 3 1
  0.333333333  0. -0.5
 5 3 2
  0.333333333  0. -0.25
 5 3 3
  0.333333333  0.  0.
 5 3 4
  0.333333333  0.  0.25
 5 3 5
  0.333333333  0.  0.5
 5 3 6
  0.333333333  0.  0.75
 5 3 7
  0.333333333  0.  1.
 5 3 8
  0.333333333  0.  1.25
 5 3 9
  0.333333333  0.  1.5
 5 4 1
  0.333333333  0.25 -0.5
 5 4 2
  0.333333333  0.25 -0.25
 5 4 3
  0.333333333  0.25  0.
 5 4 4
  0.333333333  0.25  0.25
 5 4 5
  0.333333333  0.25  0.5
 5 4 6
  0.333333333  0.25  0.75
 5 4 7
  0.333333333  0.25  1.
 5 4 8
  0.333333333  0.25  1.25
 5 4 9
  0.333333333  0.25  1.5
 5 5 1
  0.333333333  0.5 -0.5
 5 5 2
  0.333333333  0.5 -0.25
 5 5 3
  0.333333333  0.5  0.
 5 5 4
  0.333333333  0.5  0.25
 5 5 5
  0.333333333  0.5  0.5
 5 5 6
  0.333333333  0.5  0.75
 5 5 7
  0.333333333  0.5  1.
 5 5 8
  0.333333333  0.5  1.25
 5 5 9
  0.333333333  0.5  1.5
 5 6 1
  0.333333333  0.75 -0.5
 5 6 2
  0.333333333  0.75 -0.25
 5 6 3
  0.333333333  0.75  0.
 5 6 4
  0.333333333  0.75  0.25
 5 6 5
  0.333333333  0.75  0.5
 5 6 6
  0.333333333  0.75  0.75
 5 6 7
  0.333333333  0.75  1.
 5 6 8
  0.333333333  0.75  1.25
 5 6 9
  0.333333333  0.75  1.5
 5 7 1
  0.333333333  1. -0.5
 5 7 2
  0.333333333  1. -0.25
 5 7 3
  0.333333333  1.  0.
 5 7 4
  0.333333333  1.  0.25
 5 7 5
  0.333333333  1.  0.5
 5 7 6
  0.333333333  1.  0.75
 5 7 7
  0.333333333  1.  1.
 5 7 8
  0.333333333  1.  1.25
 5 7 9
  0.333333333  1.  1.5
 5 8 1
  0.333333333  1.25 -0.5
 5 8 2
  0.333333333  1.25 -0.25
 5 8 3
  0.333333333  1.25  0.
 5 8 4
  0.333333333  1.25  0.25
 5 8 5
  0.333333333  1.25  0.5
 5 8 6
  0.333333333  1.25  0.75
 5 8 7
  0.333333333  1.25  1.
 5 8 8
  0.333333333  1.25  1.25
 5 8 9
  0.333333333  1.25  1.5
 5 9 1
  0.333333333  1.5 -0.5
 5 9 2
  0.333333333  1.5 -0.25
 5 9 3
  0.333333333  1.5  0.
 5 9 4
  0.333333333  1.5  0.25
 5 9 5
  0.333333333  1.5  0.5
 5 9 6
  0.333333333  1.5  0.75
 5 9 7
  0.333333333  1.5  1.
 5 9 8
  0.333333333  1.5  1.25
 5 9 9
  0.333333333  1.5  1.5
 6 1 1
  0.5 -0.5 -0.5
 6 1 2
  0.5 -0.5 -0.25
 6 1 3
  0.5 -0.5  0.
 6 1 4
  0.5 -0.5  0.25
 6 1 5
  0.5 -0.5  0.5
 6 1 6
  0.5 -0.5  0.75
 6 1 7
  0.5 -0.5  1.
 6 1 8
  0.5 -0.5  1.25
 6 1 9
  0.5 -0.5  1.5
 6 2 1
  0.5 -0.25 -0.5
 6 2 2
  0.5 -0.25 -0.25
 6 2 3
  0.5 -0.25  0.
 6 2 4
  0.5 -0.25  0.25
 6 2 5
  0.5 -0.25  0.5
 6 2 6
  0.5 -0.25  0.75
 6 2 7
  0.5 -0.25  1.
 6 2 8
  0.5 -0.25  1.25
 6 2 9
  0.5 -0.25  1.5
 6 3 1
  0.5  0. -0.5
 6 3 2
  0.5  0. -0.25
 6 3 3
  0.5  0.  0.
 6 3 4
  0.5  0.  0.25
 6 3 5
  0.5  0.  0.5
 6 3 6
  0.5  0.  0.75
 6 3 7
  0.5  0.  1.
 6 3 8
  0.5  0.  1.25
 6 3 9
  0.5  0.  1.5
 6 4 1
  0.5  0.25 -0.5
 6 4 2
  0.5  0.25 -0.25
 6 4 3
  0.5  0.25  0.
 6 4 4
  0.5  0.25  0.25
 6 4 5
  0.5  0.25  0.5
 6 4 6
  0.5  0.25  0.75
 6 4 7
  0.5  0.25  1.
 6 4 8
  0.5  0.25  1.25
 6 4 9
  0.5  0.25  1.5
 6 5 1
  0.5  0.5 -0.5
 6 5 2
  0.5  0.5 -0.25
 6 5 3
  0.5  0.5  0.
 6 5 4
  0.5  0.5  0.25
 6 5 5
  0.5  0.5  0.5
 6 5 6
  0.5  0.5  0.75
 6 5 7
  0.5  0.5  1.
 6 5 8
  0.5  0.5  1.25
 6 5 9
  0.5  0.5  1.5
 6 6 1
  0.5  0.75 -0.5
 6 6 2
  0.5  0.75 -0.25
 6 6 3
  0.5  0.75  0.
 6 6 4
  0.5  0.75  0.25
 6 6 5
  0.5  0.75  0.5
 6 6 6
  0.5  0.75  0.75
 6 6 7
  0.5  0.75  1.
 6 6 8
  0.5  0.75  1.25
 6 6 9
  0.5  0.75  1.5
 6 7 1
  0.5  1. -0.5
 6 7 2
  0.5  1. -0.25
 6 7 3
  0.5  1.  0.
 6 7 4
  0.5  1.  0.25
 6 7 5
  0.5  1.  0.5
 6 7 6
  0.5  1.  0.75
 6 7 7
  0.5  1.  1.
 6 7 8
  0.5  1.  1.25
 6 7 9
  0.5  1.  1.5
 6 8 1
  0.5  1.25 -0.5
 6 8 2
  0.5  1.25 -0.25
 6 8 3
  0.5  1.25  0.
 6 8 4
  0.5  1.25  0.25
 6 8 5
  0.5  1.25  0.5
 6 8 6
  0.5  1.25  0.75
 6 8 7
  0.5  1.25  1.
 6 8 8
  0.5  1.25  1.25
 6 8 9
  0.5  1.25  1.5
 6 9 1
  0.5  1.5 -0.5
 6 9 2
  0.5  1.5 -0.25
 6 9 3
  0.5  1.5  0.
 6 9 4
  0.5  1.5  0.25
 6 9 5
  0.5  1.5  0.5
 6 9 6
  0.5  1.5  0.75
 6 9 7
  0.5  1.5  1.
 6 9 8
  0.5  1.5  1.25
 6 9 9
  0.5  1.5  1.5
 7 1 1
  0.666666667 -0.5 -0.5
 7 1 2
  0.666666667 -0.5 -0.25
 7 1 3
  0.666666667 -0.5  0.
 7 1 4
  0.666666667 -0.5  0.25
 7 1 5
  0.666666667 -0.5  0.5
 7 1 6
  0.666666667 -0.5  0.75
 7 1 7
  0.666666667 -0.5  1.
 7 1 8
  0.666666667 -0.5  1.25
 7 1 9
  0.666666667 -0.5  1.5
 7 2 1
  0.666666667 -0.25 -0.5
 7 2 2
  0.666666667 -0.25 -0.25
 7 2 3
  0.666666667 -0.25  0.
 7 2 4
  0.666666667 -0.25  0.25
 7 2 5
  0.666666667 -0.25  0.5
 7 2 6
  0.666666667 -0.25  0.75
 7 2 7
  0.666666667 -0.25  1.
 7 2 8
  0.666666667 -0.25  1.25
 7 2 9
  0.666666667 -0.25  1.5
 7 3 1
  0.666666667  0. -0.5
 7 3 2
  0.666666667  0. -0.25
 7 3 3
  0.666666667  0.  0.
 7 3 4
  0.666666667  0.  0.25
 7 3 5
  0.666666667  0.  0.5
 7 3 6
  0.666666667  0.  0.75
 7 3 7
  0.666666667  0.  1.
 7 3 8
  0.666666667  0.  1.25
 7 3 9
  0.666666667  0.  1.5
 7 4 1
  0.666666667  0.25 -0.5
 7 4 2
  0.666666667  0.25 -0.25
 7 4 3
  0.666666667  0.25  0.
 7 4 4
  0.666666667  0.25  0.25
 7 4 5
  0.666666667  0.25  0.5
 7 4 6
  0.666666667  0.25  0.75
 7 4 7
  0.666666667  0.25  1.
 7 4 8
  0.666666667  0.25  1.25
 7 4 9
  0.666666667  0.25  1.5
 7 5 1
  0.666666667  0.5 -0.5
 7 5 2
  0.666666667  0.5 -0.25
 7 5 3
  0.666666667  0.5  0.
 7 5 4
  0.666666667  0.5  0.25
 7 5 5
  0.666666667  0.5  0.5
 7 5 6
  0.666666667  0.5  0.75
 7 5 7
  0.666666667  0.5  1.
 7 5 8
  0.666666667  0.5  1.25
 7 5 9
  0.666666667  0.5  1.5
 7 6 1
  0.666666667  0.75 -0.5
 7 6 2
  0.666666667  0.75 -0.25
 7 6 3
  0.666666667  0.75  0.
 7 6 4
  0.666666667  0.75  0.25
 7 6 5
  0.666666667  0.75  0.5
 7 6 6
  0.666666667  0.75  0.75
 7 6 7
  0.666666667  0.75  1.
 7 6 8
  0.666666667  0.75  1.25
 7 6 9
  0.666666667  0.75  1.5
 7 7 1
  0.666666667  1. -0.5
 7 7 2
  0.666666667  1. -0.25
 7 7 3
  0.666666667  1.  0.
 7 7 4
  0.666666667  1.  0.25
 7 7 5
  0.666666667  1.  0.5
 7 7 6
  0.666666667  1.  0.75
 7 7 7
  0.666666667  1.  1.
 7 7 8
  0.666666667  1.  1.25
 7 7 9
  0.666666667  1.  1.5
 7 8 1
  0.666666667  1.25 -0.5
 7 8 2
  0.666666667  1.25 -0.25
 7 8 3
  0.666666667  1.25  0.
 7 8 4
  0.666666667  1.25  0.25
 7 8 5
  0.666666667  1.25  0.5
 7 8 6
  0.666666667  1.25  0.75
 7 8 7
  0.666666667  1.25  1.
 7 8 8
  0.666666667  1.25  1.25
 7 8 9
  0.666666667  1.25  1.5
 7 9 1
  0.666666667  1.5 -0.5
 7 9 2
  0.666666667  1.5 -0.25
 7 9 3
  0.666666667  1.5  0.
 7 9 4
  0.666666667  1.5  0.25
 7 9 5
  0.666666667  1.5  0.5
 7 9 6
  0.666666667  1.5  0.75
 7 9 7
  0.666666667  1.5  1.
 7 9 8
  0.666666667  1.5  1.25
 7 9 9
  0.666666667  1.5  1.5
 8 1 1
  0.833333333 -0.5 -0.5
 8 1 2
  0.833333333 -0.5 -0.25
 8 1 3
  0.833333333 -0.5  0.
 8 1 4
  0.833333333 -0.5  0.25
 8 1 5
  0.833333333 -0.5  0.5
 8 1 6
  0.833333333 -0.5  0.75
 8 1 7
  0.833333333 -0.5  1.
 8 1 8
  0.833333333 -0.5  1.25
 8 1 9
  0.833333333 -0.5  1.5
 8 2 1
  0.833333333 -0.25 -0.5
 8 2 2
  0.833333333 -0.25 -0.25
 8 2 3
  0.833333333 -0.25  0.
 8 2 4
  0.833333333 -0.25  0.25
 8 2 5
  0.833333333 -0.25  0.5
 8 2 6
  0.833333333 -0.25  0.75
 8 2 7
  0.833333333 -0.25  1.
 8 2 8
  0.833333333 -0.25  1.25
 8 2 9
  0.833333333 -0.25  1.5
 8 3 1
  0.833333333  0. -0.5
 8 3 2
  0.833333333  0. -0.25
 8 3 3
  0.833333333  0.  0.
 8 3 4
  0.833333333  0.  0.25
 8 3 5
  0.833333333  0.  0.5
 8 3 6
  0.833333333  0.  0.75
 8 3 7
  0.833333333  0.  1.
 8 3 8
  0.833333333  0.  1.25
 8 3 9
  0.833333333  0.  1.5
 8 4 1
  0.833333333  0.25 -0.5
 8 4 2
  0.833333333  0.25 -0.25
 8 4 3
  0.833333333  0.25  0.
 8 4 4
  0.833333333  0.25  0.25
 8 4 5
  0.833333333  0.25  0.5
 8 4 6
  0.833333333  0.25  0.75
 8 4 7
  0.833333333  0.25  1.
 8 4 8
  0.833333333  0.25  1.25
 8 4 9
  0.833333333  0.25  1.5
 8 5 1
  0.833333333  0.5 -0.5
 8 5 2
  0.833333333  0.5 -0.25
 8 5 3
  0.833333333  0.5  0.
 8 5 4
  0.833333333  0.5  0.25
 8 5 5
  0.833333333  0.5  0.5
 8 5 6
  0.833333333  0.5  0.75
 8 5 7
  0.833333333  0.5  1.
 8 5 8
  0.833333333  0.5  1.25
 8 5 9
  0.833333333  0.5  1.5
 8 6 1
  0.833333333  0.75 -0.5
 8 6 2
  0.833333333  0.75 -0.25
 8 6 3
  0.833333333  0.75  0.
 8 6 4
  0.833333333  0.75  0.25
 8 6 5
  0.833333333  0.75  0.5
 8 6 6
  0.833333333  0.75  0.75
 8 6 7
  0.833333333  0.75  1.
 8 6 8
  0.833333333  0.75  1.25
 8 6 9
  0.833333333  0.75  1.5
 8 7 1
  0.833333333  1. -0.5
 8 7 2
  0.833333333  1. -0.25
 8 7 3
  0.833333333  1.  0.
 8 7 4
  0.833333333  1.  0.25
 8 7 5
  0.833333333  1.  0.5
 8 7 6
  0.833333333  1.  0.75
 8 7 7
  0.833333333  1.  1.
 8 7 8
  0.833333333  1.  1.25
 8 7 9
  0.833333333  1.  1.5
 8 8 1
  0.833333333  1.25 -0.5
 8 8 2
  0.833333333  1.25 -0.25
 8 8 3
  0.833333333  1.25  0.
 8 8 4
  0.833333333  1.25  0.25
 8 8 5
  0.833333333  1.25  0.5
 8 8 6
  0.833333333  1.25  0.75
 8 8 7
  0.833333333  1.25  1.
 8 8 8
  0.833333333  1.25  1.25
 8 8 9
  0.833333333  1.25  1.5
 8 9 1
  0.833333333  1.5 -0.5
 8 9 2
  0.833333333  1.5 -0.25
 8 9 3
  0.833333333  1.5  0.
 8 9 4
  0.833333333  1.5  0.25
 8 9 5
  0.833333333  1.5  0.5
 8 9 6
  0.833333333  1.5  0.75
 8 9 7
  0.833333333  1.5  1.
 8 9 8
  0.833333333  1.5  1.25
 8 9 9
  0.833333333  1.5  1.5
 9 1 1
  1. -0.5 -0.5
 9 1 2
  1. -0.5 -0.25
 9 1 3
  1. -0.5  0.
 9 1 4
  1. -0.5  0.25
 9 1 5
  1. -0.5  0.5
 9 1 6
  1. -0.5  0.75
 9 1 7
  1. -0.5  1.
 9 1 8
  1. -0.5  1.25
 9 1 9
  1. -0.5  1.5
 9 2 1
  1. -0.25 -0.5
 9 2 2
  1. -0.25 -0.25
 9 2 3
  1. -0.25  0.
 9 2 4
  1. -0.25  0.25
 9 2 5
  1. -0.25  0.5
 9 2 6
  1. -0.25  0.75
 9 2 7
  1. -0.25  1.
 9 2 8
  1. -0.25  1.25
 9 2 9
  1. -0.25  1.5
 9 3 1
  1.  0. -0.5
 9 3 2
  1.  0. -0.25
 9 3 3
  1.  0.  0.
 9 3 4
  1.  0.  0.25
 9 3 5
  1.  0.  0.5
 9 3 6
  1.  0.  0.75
 9 3 7
  1.  0.  1.
 9 3 8
  1.  0.  1.25
 9 3 9
  1.  0.  1.5
 9 4 1
  1.  0.25 -0.5
 9 4 2
  1.  0.25 -0.25
 9 4 3
  1.  0.25  0.
 9 4 4
  1.  0.25  0.25
 9 4 5
  1.  0.25  0.5
 9 4 6
  1.  0.25  0.75
 9 4 7
  1.  0.25  1.
 9 4 8
  1.  0.25  1.25
 9 4 9
  1.  0.25  1.5
 9 5 1
  1.  0.5 -0.5
 9 5 2
  1.  0.5 -0.25
 9 5 3
  1.  0.5  0.
 9 5 4
  1.  0.5  0.25
 9 5 5
  1.  0.5  0.5
 9 5 6
  1.  0.5  0.75
 9 5 7
  1.  0.5  1.
 9 5 8
  1.  0.5  1.25
 9 5 9
  1.  0.5  1.5
 9 6 1
  1.  0.75 -0.5
 9 6 2
  1.  0.75 -0.25
 9 6 3
  1.  0.75  0.
 9 6 4
  1.  0.75  0.25
 9 6 5
  1.  0.75  0.5
 9 6 6
  1.  0.75  0.75
 9 6 7
  1.  0.75  1.
 9 6 8
  1.  0.75  1.25
 9 6 9
  1.  0.75  1.5
 9 7 1
  1.  1. -0.5
 9 7 2
  1.  1. -0.25
 9 7 3
  1.  1.  0.
 9 7 4
  1.  1.  0.25
 9 7 5
  1.  1.  0.5
 9 7 6
  1.  1.  0.75
 9 7 7
  1.  1.  1.
 9 7 8
  1.  1.  1.25
 9 7 9
  1.  1.  1.5
 9 8 1
  1.  1.25 -0.5
 9 8 2
  1.  1.25 -0.25
 9 8 3
  1.  1.25  0.
 9 8 4
  1.  1.25  0.25
 9 8 5
  1.  1.25  0.5
 9 8 6
  1.  1.25  0.75
 9 8 7
  1.  1.25  1.
 9 8 8
  1.  1.25  1.25
 9 8 9
  1.  1.25  1.5
 9 9 1
  1.  1.5 -0.5
 9 9 2
  1.  1.5 -0.25
 9 9 3
  1.  1.5  0.
 9 9 4
  1.  1.5  0.25
 9 9 5
  1.  1.5  0.5
 9 9 6
  1.  1.5  0.75
 9 9 7
  1.  1.5  1.
 9 9 8
  1.  1.5  1.25
 9 9 9
  1.  1.5  1.5
 10 1 1
  1.16666667 -0.5 -0.5
 10 1 2
  1.16666667 -0.5 -0.25
 10 1 3
  1.16666667 -0.5  0.
 10 1 4
  1.16666667 -0.5  0.25
 10 1 5
  1.16666667 -0.5  0.5
 10 1 6
  1.16666667 -0.5  0.75
 10 1 7
  1.16666667 -0.5  1.
 10 1 8
  1.16666667 -0.5  1.25
 10 1 9
  1.16666667 -0.5  1.5
 10 2 1
  1.16666667 -0.25 -0.5
 10 2 2
  1.16666667 -0.25 -0.25
 10 2 3
  1.16666667 -0.25  0.
 10 2 4
  1.16666667 -0.25  0.25
 10 2 5
  1.16666667 -0.25  0.5
 10 2 6
  1.16666667 -0.25  0.75
 10 2 7
  1.16666667 -0.25  1.
 10 2 8
  1.16666667 -0.25  1.25
 10 2 9
  1.16666667 -0.25  1.5
 10 3 1
  1.16666667  0. -0.5
 10 3 2
  1.16666667  0. -0.25
 10 3 3
  1.16666667  0.  0.
 10 3 4
  1.16666667  0.  0.25
 10 3 5
  1.16666667  0.  0.5
 10 3 6
  1.16666667  0.  0.75
 10 3 7
  1.16666667  0.  1.
 10 3 8
  1.16666667  0.  1.25
 10 3 9
  1.16666667  0.  1.5
 10 4 1
  1.16666667  0.25 -0.5
 10 4 2
  1.16666667  0.25 -0.25
 10 4 3
  1.16666667  0.25  0.
 10 4 4
  1.16666667  0.25  0.25
 10 4 5
  1.16666667  0.25  0.5
 10 4 6
  1.16666667  0.25  0.75
 10 4 7
  1.16666667  0.25  1.
 10 4 8
  1.16666667  0.25  1.25
 10 4 9
  1.16666667  0.25  1.5
 10 5 1
  1.16666667  0.5 -0.5
 10 5 2
  1.16666667  0.5 -0.25
 10 5 3
  1.16666667  0.5  0.
 10 5 4
  1.16666667  0.5  0.25
 10 5 5
  1.16666667  0.5  0.5
 10 5 6
  1.16666667  0.5  0.75
 10 5 7
  1.16666667  0.5  1.
 10 5 8
  1.16666667  0.5  1.25
 10 5 9
  1.16666667  0.5  1.5
 10 6 1
  1.16666667  0.75 -0.5
 10 6 2
  1.16666667  0.75 -0.25
 10 6 3
  1.16666667  0.75  0.
 10 6 4
  1.16666667  0.75  0.25
 10 6 5
  1.16666667  0.75  0.5
 10 6 6
  1.16666667  0.75  0.75
 10 6 7
  1.16666667  0.75  1.
 10 6 8
  1.16666667  0.75  1.25
 10 6 9
  1.16666667  0.75  1.5
 10 7 1
  1.16666667  1. -0.5
 10 7 2
  1.16666667  1. -0.25
 10 7 3
  1.16666667  1.  0.
 10 7 4
  1.16666667  1.  0.25
 10 7 5
  1.16666667  1.  0.5
 10 7 6
  1.16666667  1.  0.75
 10 7 7
  1.16666667  1.  1.
 10 7 8
  1.16666667  1.  1.25
 10 7 9
  1.16666667  1.  1.5
 10 8 1
  1.16666667  1.25 -0.5
 10 8 2
  1.16666667  1.25 -0.25
 10 8 3
  1.16666667  1.25  0.
 10 8 4
  1.16666667  1.25  0.25
 10 8 5
  1.16666667  1.25  0.5
 10 8 6
  1.16666667  1.25  0.75
 10 8 7
  1.16666667  1.25  1.
 10 8 8
  1.16666667  1.25  1.25
 10 8 9
  1.16666667  1.25  1.5
 10 9 1
  1.16666667  1.5 -0.5
 10 9 2
  1.16666667  1.5 -0.25
 10 9 3
  1.16666667  1.5  0.
 10 9 4
  1.16666667  1.5  0.25
 10 9 5
  1.16666667  1.5  0.5
 10 9 6
  1.16666667  1.5  0.75
 10 9 7
  1.16666667  1.5  1.
 10 9 8
  1.16666667  1.5  1.25
 10 9 9
  1.16666667  1.5  1.5
 11 1 1
  1.33333333 -0.5 -0.5
 11 1 2
  1.33333333 -0.5 -0.25
 11 1 3
  1.33333333 -0.5  0.
 11 1 4
  1.33333333 -0.5  0.25
 11 1 5
  1.33333333 -0.5  0.5
 11 1 6
  1.33333333 -0.5  0.75
 11 1 7
  1.33333333 -0.5  1.
 11 1 8
  1.33333333 -0.5  1.25
 11 1 9
  1.33333333 -0.5  1.5
 11 2 1
  1.33333333 -0.25 -0.5
 11 2 2
  1.33333333 -0.25 -0.25
 11 2 3
  1.33333333 -0.25  0.
 11 2 4
  1.33333333 -0.25  0.25
 11 2 5
  1.33333333 -0.25  0.5
 11 2 6
  1.33333333 -0.25  0.75
 11 2 7
  1.33333333 -0.25  1.
 11 2 8
  1.33333333 -0.25  1.25
 11 2 9
  1.33333333 -0.25  1.5
 11 3 1
  1.33333333  0. -0.5
 11 3 2
  1.33333333  0. -0.25
 11 3 3
  1.33333333  0.  0.
 11 3 4
  1.33333333  0.  0.25
 11 3 5
  1.33333333  0.  0.5
 11 3 6
  1.33333333  0.  0.75
 11 3 7
  1.33333333  0.  1.
 11 3 8
  1.33333333  0.  1.25
 11 3 9
  1.33333333  0.  1.5
 11 4 1
  1.33333333  0.25 -0.5
 11 4 2
  1.33333333  0.25 -0.25
 11 4 3
  1.33333333  0.25  0.
 11 4 4
  1.33333333  0.25  0.25
 11 4 5
  1.33333333  0.25  0.5
 11 4 6
  1.33333333  0.25  0.75
 11 4 7
  1.33333333  0.25  1.
 11 4 8
  1.33333333  0.25  1.25
 11 4 9
  1.33333333  0.25  1.5
 11 5 1
  1.33333333  0.5 -0.5
 11 5 2
  1.33333333  0.5 -0.25
 11 5 3
  1.33333333  0.5  0.
 11 5 4
  1.33333333  0.5  0.25
 11 5 5
  1.33333333  0.5  0.5
 11 5 6
  1.33333333  0.5  0.75
 11 5 7
  1.33333333  0.5  1.
 11 5 8
  1.33333333  0.5  1.25
 11 5 9
  1.33333333  0.5  1.5
 11 6 1
  1.33333333  0.75 -0.5
 11 6 2
  1.33333333  0.75 -0.25
 11 6 3
  1.33333333  0.75  0.
 11 6 4
  1.33333333  0.75  0.25
 11 6 5
  1.33333333  0.75  0.5
 11 6 6
  1.33333333  0.75  0.75
 11 6 7
  1.33333333  0.75  1.
 11 6 8
  1.33333333  0.75  1.25
 11 6 9
  1.33333333  0.75  1.5
 11 7 1
  1.33333333  1. -0.5
 11 7 2
  1.33333333  1. -0.25
 11 7 3
  1.33333333  1.  0.
 11 7 4
  1.33333333  1.  0.25
 11 7 5
  1.33333333  1.  0.5
 11 7 6
  1.33333333  1.  0.75
 11 7 7
  1.33333333  1.  1.
 11 7 8
  1.33333333  1.  1.25
 11 7 9
  1.33333333  1.  1.5
 11 8 1
  1.33333333  1.25 -0.5
 11 8 2
  1.33333333  1.25 -0.25
 11 8 3
  1.33333333  1.25  0.
 11 8 4
  1.33333333  1.25  0.25
 11 8 5
  1.33333333  1.25  0.5
 11 8 6
  1.33333333  1.25  0.75
 11 8 7
  1.33333333  1.25  1.
 11 8 8
  1.33333333  1.25  1.25
 11 8 9
  1.33333333  1.25  1.5
 11 9 1
  1.33333333  1.5 -0.5
 11 9 2
  1.33333333  1.5 -0.25
 11 9 3
  1.33333333  1.5  0.
 11 9 4
  1.33333333  1.5  0.25
 11 9 5
  1.33333333  1.5  0.5
 11 9 6
  1.33333333  1.5  0.75
 11 9 7
  1.33333333  1.5  1.
 11 9 8
  1.33333333  1.5  1.25
 11 9 9
  1.33333333  1.5  1.5
